226 I. Abschnitt. Johann XXIII. und das Konzil.

91111111. Encara no sab hom 9911111119111, (11111111 via 19. La 91111511
(19 111 51111 11111111, 59111101, par que 5111 stada 1101195111, 90 95, (1119
apres (111915 9111111015 (19 195 115195 5011 511115 9011901111115, 910595 91
1911111115 entre 10 91111191·11(101’ 917 11051111195, 111 (111111 ferma 10 (111
91111191·11(101· 1111 feta ab 90115911, 110191· 91Ἰ 11911911111911, (19 10195 195
11115910115 91 (1915 ambaxadors (1915 princeps et reys 91 111111111191111
(19 1101 10, (1111 11915 (1111 90115111 11115111 11, (19511191 (191 (1111 11111115 ,10111111
91 (1915 1111119111119111115, (1111 911 105 (1115 sets 111111 (1011111 91 ginyat
101 10 (19510111, (1119 111111 pegni„ 10 (111» 91111191111101· ab 195 tres 11115(τί-
(1115, 90 95 Germania„ Franea 91 ΑΠς111191111, havian et 111111 9105
91 (191911111911111, (11191 (111, 11111115 ,10111111 105 19113111 911901111119111 fer
91 901151111111· 1111191111111015 11·1’91’091111195 11 1911111191111· 59311115 fornia
(19 111 99(111111. 11911 911 1110111959, 1111111111 91 ,1111·11(111 eleg-idors per 10,
(11115 (1111 90115111, 91 (1119 115599111115 10, (11195 (111190115111. (1119 911 (11191
110 5911 1111115 111 10 (111 90119111 1105 (11550191195 1115 11111(1115. 19111111-
1119111, 5911)*01, apres 1110115 11119195 (1911 91 (1915 1111119111119111115, (1119
movien 91 111111 11109111, 1115 (1111115 105 (1115 91111191“11,(101· 91 11115910115
110 5011 volguts passar. perseverants en 195 (1115 90119111551011511111·5
1111 profit 91 intencio, (1119, 51 10 (111 10111111 195 (11195 90595 fei· 110
101111, (1119111111051 111 obediencia 11 105 511115119111 91 111-0991115590
contra 911. 10 (111 91111191111101 11· (1111199195 fou 111 (111 110111111, 10 (111111
1101111 111119111 111 111, (11195 sellia 1111111111. 111 (111111 10 (111 91111191111101
notiffica les dites 90595. 10 (111111 111011 1111911111119111 1951105. (1119 era
apparellat fel· 91 exseguil· 101 90 91 (11111111 10 (111 90115111 (1911-
bera& empero (11191 (111 91111191·11(101’ 91 10 90115111 11 115598111115 111
persona. car 911 (1111111119, (1119 1101 1111111155911 axi 9011 11 (919511
11111111, 1110519111 101 10 111011 (19 11011115 1111111111115, 90111 1111111 (111(1111-
avant servir Deu 91 11191195 911 religio 919. Hoc encara 911 10
(1111 (1111 (19 ir 59 feu venir tots 105 1111119111119111115 91Ἰ 1110110511 105
11110 1111119Χ, 5990115 9115 dien. empero 110 51111 110111. 51 911 10 1111919
111111 91111111, 9115 0 110.

En conclusio, 5911)*01·, 5111111 111, 90511 911 105 dits termes. 111
suga (191 (111 30111111 95111 1111 passada 595 seg-uida. De (1119,
59111101, vuy mati 10111 111 91111111 (19 00115111111911 95 stada molt
arromorada 91 911911111 110 havem 11059111 5111191· 111 511119111 111 manera
de 111 51111 exida 111 (111111 9111111 19, 59310115 11111911] (1111 (1955115, 111115
10 91111191111101 vuy 11 111 1111111111 (191 jorn passam 1111 (105 0 tres
cavalcadors (levant 111 110511(111 (1915 missatgers (19 nostre sant
pare 59 11111111 1111111· porta 9115 feu cridar, (119111 105 1101195195
1111111111115ε ‚Noster papa recessit 15111 110919, 59111011 951 11111111 1119115

