558 111. ,111189111ιὶ11 1191001111 XIII. und (1118 Konzil.

(19 (1111·(19111118 198 1911198, 91111119 provisio, 198 (1098119198 (101118
8011 19198 911 (“0118111111(,’·11 9 1111019898 11108, 8911101, 91191· 111 1081111
8911101111 11 1111 1111119898, 1111111111111 11 1111, (1119 presentans 1101191198 1118
(1118 89111018 (19 9111(19111118 9118901118 111) 111111 191111 1111191111 1191 10811111
8911101111 11111119811 11. 1011191181) . . . Ε (1011111, 10, 8911101, 1111 911 10
111911111 (111111111 1’11111890111, 1911911 11 1111 111088911 Rodrigo (19 11111111,
(1001111110101 (19 Moneo 9 91111110, (111(18 (111 (19 1)11111890111 111) 1111101198
,1191118 (1111111118 9 111111981918, (11(1111 1119, (1119 101111. Ε 10 1981108,
(109 101111 91111111 911 111 11111 1)(11 111989111111· ang-unas 111011810118 1118
(1118 (·111·(1(1111118. 111911 (111 1119, (1119 110 podia 91111111 (11118 111 11111
(19 1)111118(’0111, (1 1191 1111 som-11 dit„ (109 81 1111111, 911 replicant, (1119
(191198 1101 9011111111. Ε 1111 (10119118 y«) Ii 11111111 111) 11111111111191118
8111111198 9 1)(1111118, (1119 (111 1119 191118 (11111111. Ε 911 1981108111 91189011
1111111111119111, (109111 (1011118 1191 89111 9 (11191 1981101011111. Ε 98111018
axi 11111919111118 1911911 11011 110111 9 ‹Iix 1119, (1119, 81111111 9111 1111189111,
108 (1118 9111·(19111118 11111119111911 (10111009 1191801111 111) 110(191’ 1111811101
1191· 191119 198 (11198 111011810118, 9 11Χί 91189901, (109 11110911 1118111111Ἰ
1911911 11 1111 11011 110111, (1018 11111191111111 Diago Martim 111·(1111(1011 (19
(Umquam 9 9111111111911911 (191 9111090111 (19 89111·1 81111912), (11911111111191
110091· (1918 (11118 9111·(19111118(19 11910119 198 (111198 provisions, 198 (101118
11 11011 9011111 (19191118 (1990111111191111 11111111 1011191111 1118 dits cardenals.
Ε huy (111111 (19 111 11198901, 8911101, 10 81 8011 10111111 1191 11198911-
1111 111 19111111 (191 899011 9111111οΙ 11191191011111 911 111 (11111 10811111 1110-
visio 19111 911 (’()11811111(;11 9 119 1911 8911111111111 1110998, (1119 110 1111, 9
10 (111 1)111,εξο 1111111111 1111 1119811 9011111 (19 111 (11111 19111111 9 1111 promes
(1011111111 1118 (11118 9010901118 91111 19111 19111910, (109 911 10 (1111 1111881111
11111111 (10010198 9 1111110198 198 (111198 11111198 copies 11 11009118, 9 19-
(10911 10 11011111, 111) (1111 10 110 108 (11118 1191198, (109 110 91098 (19
1010981198 111989111119101198 alguna 9111111 1101111911, 1110 (111918 dits 9111(19-
111118 111 1190988911 19110811. Ε (19 1101 119 19 set 191 11919 1101111911 9
19811111()111111 9 1901198198 91111118 11111)11(1098 . . . sorim 911 10 10911
(19 119111911110 11 XXV (119 (19 Α1)111 . . . 11111 (wfflfxvl . . . Fran-
998911 Β981)10,(ζο98.3)

11 &chremem vom θ’. April.

> Α1101180 (11111110.

³) lusto-nmium K. Alfowsos (m (1911 1091111119111 (19 governador (19 111 Ρ1111111 Fran-
(19811 Desplugues : . . . Lo (lit lochtinont 111111 191 (1111111 publiea, 90111 108 9111·(19111118
8011 911 1)111118(·0111 9 111111 son 1)0(191 111) bonvs 1011091118 9 111(1099101198 (19 intras dius
10 (111, 10911 (1(1 1’111118(,10111 1191· 191 111 (11111 111-(18(11111910 . . . Ε 911 10 9118. (1011 10
(1111 1091111119111, 110 11080098 dius 91111111, 111111 (19111111 10 (111 91181911 11011119111· 111)
1110 (1(Ι creda ab 1190111910 1118 (11198 191198 0 cartes. E 911 apres sara 8011

