1415 Min-r„ 21—31. 1311

patres 111-911191115911111. 91115911111 91 111191111195 1ῑ·1·9111511151191 111911111
11111119 111191511111111 19911111 91 111-111911111111 91 111111111111 599111111111111
1111195111111111 111111911 91 111-11111195 1119 11195911195. 11111 119 1111111515 rog-nis
91 provinciis 111111119119111111. 1119111 11. ,1111111111195 111 91119 1919115 91111-
991111111111111191 1111191119111 911111111 11111151111111 111511111111 1119111111111111
111111 1111111199 1111911111111115 119 111511 9111191111), 11111111 1111119 9919111111111.
11111151111 911111 1111111111191 19111911195. 111959111111115 99111111 111111111111
111·91111,111·11111 91 virui-uin 111191511111111 511111111111 51111111191· niagno 11119111-
11111115 11111111111111119 91111111511. 1111111 1111111111. 51 111519 1-91 111111519 11199191.
111· (1111111 pontificali 5911. 111 511· 111911111. 1111111111 μ’1·111’111ι11111“). 11111111 111911-
11119111 11151 11191111 1111559111 111 911119111 91111911111 (“11115111119191151. 1111111191
111· 1111111199 reprehendit. 111Ι 111111 1·91191·11111Ι11511111195,111191115911111119111
,ς’-1111111111. 111111 sublimantur. 111· 111191111111115919119111111. 111111 1119991111111
1191· 111111 1111 111111. 11119 111911111 1111119111111 9111111 111111 1111119111111 1951199111111.
volens 1191· 11111· 111111111. 111 11151115 19111111 991911 911111111 911111 111111
presumerent in 111511 91111911111 95119119111111 11911111911119. {⁴11 1111111
11111111 astucia 91 11111115111119 vulpina 9919115 1111111111115 1119111 11.
‚Iohannes 111111115 951 599111111115. ,vunnu 111 1111111191111111115 91 919119115-
519 59119 sciscitari 591·1·9111.11119 111191111111111111· 91 1191111111 111 111511
9111191111). muneribus 91 1111111115515 11111 91111111111 11111 induxit 99111111
111111191111111119 1111 1919111111111111 91 111511 59919111. 111959111111 11119
11111 911119111 1·91”111111119111119 universalis 99919519 111 91111119 919. 111111
111111· 111111111191111111 91 11111111119111 111 911119111 91111911111 1111919 111111111119111111.
11111111111111119151111119111111. 111 119119 singuiis 111191111115 111115 111111·
quiescentibus in 19911111511 1·11111’119111’11 111159 11111151111111 1111911595 119
111511 1·1111μ·1·91;·119111119 wi 5111111111. 11111 9111111 91 511111 59911111 91115119111
1111119 voluntatis 91 99111111 19111111 991115 5111 1111111911 inquilinis 91
(1111119511915 91 911111 11115 1111111111 1111911111111 91111911111 91 59119 1111111 ΧΗ.
111151 111911111111 11511119 1111 1919111111 1111111111 11119115. svs. 11119 91 1111111111
911111 11115 9111151111111 91 119111119111111. 111151911 1911911111111 91 1111111 51111
fuga 111191111 91 detexit. Χ91· 11115 9111119111115 1911111111111 99111111
1119111511119 111111115 51111115 91 1111111115 111 911119111 91111911111 911119191411111.
11111151111111 vai-iis grauibus 911111111111919 1111111115515““). 11111151111111 11111115
(1111911919. 111 111 911119111 91111911111 1111119111 51111111 1111919111 111111511119
5119 1111111111111 111 11119 19111 91111591191911195 11111 obvios 99111111 1111 11Ι
11111 111511 11991919111. κῖῐ 1191· 111195 1111111115 11111111115. 591 119111195 51111
attraxit 91 119511. 111111111111 1111111111 11111195 1111115 111191111111111· 1111119
1’111·9 5111111195 1111 111. 111 1119111 1·91’111’111111·111 119191, 111 videbatur. Nm·

³¹) l'n'stl U'm'st “swa 0111111551· vulva· 111151111151111, :u stru. 111 115 susq! 911111111. 91 115 solu! 111·
nostris 1919.

