¹51⁵. ΙΙΙ. ΑΙ)591111111. anvdikt XIII. und (1115 Konzil.

11119 105, 1111111 excellent 5911101, (1911915 1191· raho 119 vostre gran
9Χ99119119111 91 111111 1111111 (1911915 95591 59111 911 5011 901, axi 90111
1115 11111111119111 1011111111915 91 11119 1191911 911 1191 10151915 91 111111-
99115 christinus (1911915 95591· 91 11111111 911 9111 19113111. Et 991195,
5911101. 911 19511115 1111111 (1019111119111 91 119 5911111111 111111, (1119 tot, quant
(111, 111111 9111 9511111 1191 1119-1111 9011111111 (1915 191111199505, 1111191911
1111111 1119591115, 1191· 10 191 1,(115. 1111 1119 11111191Χ, 111011 excellent 91
11111105 59111111. 1111195 (1111111 111 11111111151 10 195111111 (191 11191111111111
111 91111191111101· 11901111111111111 (1111911115 Alamanys 91 0119195 et 1111991
011101111110 91 1111 9111111191 Δ11119195, 91, 59111111, Ι)9115 1119199, 10111115
10 11111 911111911111111· 9011501111 91 111011 9111119111 (le 10111 1115119 1111911-
910. 1119111 11111195 911595 911 1115119 1111101, (1119 111111111111. (1119 de 1111-
1111111111119111 119 ,ιζ-11111 901· 911 11111111111 91 19119 1111 501111111111 1119111111 91
119910 119 grat-ias 111105119 collar. senyor. 91 magnificant 10 110 10
1911911 911 51111 9011 11195 (19 111111 110111 91 feu 111 jurament (1915 911111-
1015. 111-9911111111 111. dispensacio, (1111 fora contraria 11 5,(111 101, 59-
90115 105, 5911101. 1119 (11111195, cnr 911, 5911101. dispensa 9115 5911111111111
911 1115 911 1115 9111111015 (19 111 51111 111111119511, 5911-0115 11111 (111. Lo
91111119 munifi) 5911101, 1111 5111111111195 gracias set 10 jin-aunem rebe
vostre 1111111195511 91 axi mateix 10 9111111191 (191 regne (19 Ρο1011111
et 1111155911 81919, (1111 11111111 1951111511 (19111111 19111119111110191 VI altres
911119 91111111915 91 591111915, 1115 (1111115 1191 11011111· 105119, senyor7 91
1191· (111911 1955911 11 1115 195 gracias 11Χί 90111 51 511191111111119111 195
1019-11955915 1101119111115, 1019 191111191111101, (1119 111 11111191Χ 111 105 1105115
111 91111 1191· 1111910111111 1115119, 5911101, 911 51111. 11191111, (1119 101111 1111119115
95591· 911195115 911 10 5911 1101111119 11915 XXX 111 (1991111 111111119511 (lix, que
511111111111 1191· 1111151111 (11111195 1111915, 91 9911, 5911101. 1111111 111111111
119. (1119 1115119 111111119511 95 1101119, 9111111 11011911 1019111915 91 111
111119111111111911 91 5911 1911911 1191· 1101111115 1115, 11111 111 111111. 191110 110111-
1119 111111119515, 11111 11111191111 110111 191191911 1115119 1111111195511, 59111111,
95 111 9111111191· ,1119-195 1195115 (111, (1111 95 951111 911 111 11111111111 91 95
19119111 11 1911111911111111 119 111111 1191 re)v 1)·1111111111911111111911111 11, 11119,
51 101 1111111· 911 1911111911, (1119 911 191111111 11 Cales ab 51111 90115911. Et
5111111 911 111111951951111195 (191 9111111191 Angles (lix 11 1111 19111119111(101,
(1119 105 191111199595 1111 1111911 11011111 11191· 911 111 offerta. (1119 1115,
59111111, sets (19 11111119119 111111111Χ111111 en 1911111911 pel· 111 concordia
11915 1915 (19 1911111911 91 Ι)11119·111191111, (119111, (1119 9115 9111911911 911 111
111111 9011911111111 1191· 1111 de matrimoni 911119 111 191 Danglaterra 91
κ1119111111 111111 (191 re)v 119 1911111911 911 11Χί 511111911 9115, (1119 1115, 5911101,

11 1“011 Fufiam. Gara.

