Briesv 1115 zur Absvtzung· ,1011311115 XXIII. 241)

5911101. 1111110551111111 (19 110091· 3110131. (·0 95 91119313 3999551131. . . .
009 33319111 59193111 1113111190195 (19 (1111915 1191· 11019 91 1101131· 110
11001913 . . . 13111915 1105 11311 31131 9 90351191 1131111· (19 (’0115133(;3 . . .
1)(15113119111111011053111931 91 119 (105 91 111131 105 1915. 1191· (1119
919111 1131119595. Ο gran 91091131, . . , 009 1131915 31051131 195
1105311195 fins 31 (113 (19 11011 . . .¹)

119111, 5911101, 1131111115 0053111395 10 (111 (1111199195 53111 (1913 (110131
(19 60115131193311 gran 09510391· 91 9011110113. 10111 1191· 531191· 13
fi (1915 311915 3110131 110 11001910 1191· 13 (1113 1301990913 91 1191013
et continuants nostre 931111 ab grans riSchs. 311315 91 11911115 (19
nostres 119150395 91 1191195 1191· 10 1131915531· 91 1135531· principal-
ment. 009 1131119111 101·(·3(13019111 3 191, 1191 13 19113 (191 (111 (111(’11
(19 Altaricha et 1191105 109115. 011 913 10 (111 1111105 .]011311, 11135
(3031113315 (19 Deus 1111119111311119111 91 (1915 531105901010115, (1119 (19115
1131119111, 10111 10 (ligous sant& a 13 dita vila (19 0113111153 3115 (19
mig j0rn . . . Les 1101195 (19 13 (11131 1113 11011301 13393095. Ε11111910
105 regidors, qui per favor (191 911111913001· 91 ze! 110, (1119 1133 315
sets de 13 1911131Ὶ (19 13 sgIesiaqv 195 19111911 13393095, 3031031115.
(11191 (111 ε1011311 30 1111101195 (19 13 (1113 1113 111 (19 3009113 sugis. 305
191911 011111· 111115 (10031911 1135531119 1191· 3009113. En 13 (11131 1113
91 311195, 009 10111 1191· 3009113 11355315, 53119111, 9010 911 3009113
11013 0 puch abans estant 10 (111 1111105 ,1011311 19195111 911 1115819513
1191· 191· 1011191 10 (111 (10911 (19 ΑΙῒ31·1(·113 ly 113113 1130195 (1011303-
ment hun hom 301111103111 11. com 9111131113 1911911015 (195911111191115
(19 VIII 0 Χ 911119 (100115 9 90111195, 105 (10315 19111911 501119 911 91
501119 (11131053. Ρ91· 13 (1031 13110 10 (111 1111105 0011311 1911131 91
(1959111119131 1013110931 1011101 5911 113553 (το1113(131119111 3 13 13131113.
1115 (1951111113 (119111 3. 11015 105 13111111315 591110015 91 11191315, 00911
3111 91911, (1119 93510 59 (101135 111-353 (19 95931131· 31 1111115 009 110-
guessen. Ρ91· 13 (1031 13110, 593101, 1110115 (19 505 591110015. 001
(1913 dita, 1113 exn· 11015 19113193 111 11001911, 01191195 195 1101195
1105311195 91 9115901115 1105311195 9111115 (1913 (1113 1113 1111009193
911119 13 1111553 (19 1105311195 91 3 1190 91 3 931311 1111311115 95591·
(19 1105113 (9011133113. 1105 11191315 91 31110115 (1915 31111931093315.
001 91911 (11115 13 (1113 1113 (19 (11131053 ab 10 (111] 131105, 1111311911 91
5011 11ιὲ-115 defga 91 (19113 (1911·99315 com 3 51110935 91Ἰ 1311915, 110115
3 peu, altres 3 (331311, (1915 (111315 alguns han donat 911 111335 (19

¹) Es· folm‘ noch 0'110 Heilm scharfer Benem·}.·1mgfen ει( «limem Thanar,
“'t Am 28. Mem-2.

